BOW:
precision
0.633333	0.507018
0.827586	0.516637
0.666667	0.509700
0.625000	0.505208
0.863636	0.513841
0.583333	0.503472
0.615385	0.505226
0.785714	0.513986
mean: 0.700082	0.509386	0.604734

recall
0.063333	0.963333
0.080000	0.983333
0.073333	0.963333
0.050000	0.970000
0.063333	0.990000
0.046667	0.966667
0.053333	0.966667
0.073333	0.980000
mean: 0.062917	0.972917	0.517917

accuaracy
0.513333
0.531667
0.518333
0.510000
0.526667
0.506667
0.510000
0.526667
mean: 0.517917
--------------------------------------
TfIdf:
precision
0.709091	0.755556
0.689231	0.723636
0.704678	0.771318
0.704268	0.746324
0.724771	0.769231
0.695266	0.751908
0.696970	0.740741
0.688047	0.750973
mean: 0.701540	0.751211	0.726375

recall
0.780000	0.680000
0.746667	0.663333
0.803333	0.663333
0.770000	0.676667
0.790000	0.700000
0.783333	0.656667
0.766667	0.666667
0.786667	0.643333
mean: 0.778333	0.668750	0.723542

accuaracy
0.730000
0.705000
0.733333
0.723333
0.745000
0.720000
0.716667
0.715000
mean: 0.723542
